-4.855490000000000084e-01
-4.855491000000000112e-01
-4.855491000000000112e-01
-4.855491000000000112e-01
-4.831242000000000036e-01
-2.687151999999999874e-01
2.311865999999999921e-01
5.548245000000000537e-01
6.547041999999999584e-01
6.450099000000000249e-01
6.010161000000000531e-01
5.601736999999999966e-01
5.345309000000000310e-01
5.219966000000000328e-01
5.169302000000000064e-01
5.151719000000000159e-01
5.122088999999999670e-01
2.976517000000000190e-01
-2.022853000000000012e-01
-5.259232000000000351e-01
-6.258029000000000508e-01
-6.161086000000000062e-01
-5.721148000000000344e-01
-5.312723999999999780e-01
-5.056294999999999540e-01
-4.930953000000000142e-01
-4.880288999999999877e-01
-4.862705999999999973e-01
-4.833076000000000039e-01
-2.687504000000000004e-01
2.311865999999999921e-01
5.548245000000000537e-01
6.547041999999999584e-01
6.450099000000000249e-01
6.010161000000000531e-01
5.601736999999999966e-01
5.345309000000000310e-01
5.219966000000000328e-01
5.169302000000000064e-01
5.151719000000000159e-01
5.122088999999999670e-01
2.976517000000000190e-01
-2.022853000000000012e-01
-5.259232000000000351e-01
-6.258029000000000508e-01
-6.161086000000000062e-01
-5.721148000000000344e-01
-5.312723999999999780e-01
-5.056294999999999540e-01
-4.930953000000000142e-01
-4.880288999999999877e-01
-4.862705999999999973e-01
-4.833076000000000039e-01
-2.687504000000000004e-01
2.311865999999999921e-01
5.548245000000000537e-01
6.547041999999999584e-01
6.450099000000000249e-01
6.010161000000000531e-01
5.601736999999999966e-01
5.345309000000000310e-01
5.219966000000000328e-01
5.169302000000000064e-01
5.151719000000000159e-01
5.122088999999999670e-01
2.976517000000000190e-01
-2.022853000000000012e-01
-5.259232000000000351e-01
-6.258029000000000508e-01
-6.161086000000000062e-01
-5.721148000000000344e-01
-5.312723999999999780e-01
-5.056294999999999540e-01
-4.930953000000000142e-01
-4.880288999999999877e-01
-4.862705999999999973e-01
-4.833076000000000039e-01
-2.687504000000000004e-01
2.311865999999999921e-01
5.548245000000000537e-01
6.547041999999999584e-01
6.450099000000000249e-01
6.010161000000000531e-01
5.601736999999999966e-01
5.345309000000000310e-01
5.219966000000000328e-01
5.169302000000000064e-01
5.151719000000000159e-01
5.122088999999999670e-01
2.976517000000000190e-01
-2.022853000000000012e-01
-5.259232000000000351e-01
-6.258029000000000508e-01
-6.161086000000000062e-01
-5.721148000000000344e-01
-5.312723999999999780e-01
-5.056294999999999540e-01
-4.930953000000000142e-01
-4.880288999999999877e-01
-4.862705999999999973e-01
-4.833076000000000039e-01
-2.687504000000000004e-01
2.311865999999999921e-01
5.548245000000000537e-01
6.547041999999999584e-01
6.450099000000000249e-01
6.010161000000000531e-01
5.601736999999999966e-01
5.345309000000000310e-01
5.219966000000000328e-01
5.169302000000000064e-01
5.151719000000000159e-01
5.122088999999999670e-01
2.976517000000000190e-01
-2.022853000000000012e-01
-5.259232000000000351e-01
-6.258029000000000508e-01
-6.161086000000000062e-01
-5.721148000000000344e-01
-5.312723999999999780e-01
-5.056294999999999540e-01
-4.930953000000000142e-01
-4.880288999999999877e-01
-4.862705999999999973e-01
-4.833076000000000039e-01
-2.687504000000000004e-01
2.311865999999999921e-01
5.548245000000000537e-01
6.547041999999999584e-01
6.450099000000000249e-01
6.010161000000000531e-01
5.601736999999999966e-01
5.345309000000000310e-01
5.219966000000000328e-01
5.169302000000000064e-01
5.151719000000000159e-01
5.122088999999999670e-01
2.976517000000000190e-01
-2.022853000000000012e-01
-5.259232000000000351e-01
-6.258029000000000508e-01
-6.161086000000000062e-01
-5.721148000000000344e-01
-5.312723999999999780e-01
-5.056294999999999540e-01
-4.930953000000000142e-01
-4.880288999999999877e-01
-4.862705999999999973e-01
-4.833076000000000039e-01
-2.687504000000000004e-01
2.311865999999999921e-01
5.548245000000000537e-01
6.547041999999999584e-01
6.450099000000000249e-01
6.010161000000000531e-01
5.601736999999999966e-01
5.345309000000000310e-01
5.219966000000000328e-01
5.169302000000000064e-01
5.151719000000000159e-01
5.122088999999999670e-01
2.976517000000000190e-01
-2.022853000000000012e-01
-5.259232000000000351e-01
-6.258029000000000508e-01
-6.161086000000000062e-01
-5.721148000000000344e-01
-5.312723999999999780e-01
-5.056294999999999540e-01
-4.930953000000000142e-01
-4.880288999999999877e-01
-4.862705999999999973e-01
-4.857324000000000086e-01
