2.328000e+03 2.041806e+03 2.041806e+03 2.328000e+03
2.079000e+03 2.041806e+03 2.041806e+03 2.079000e+03
2.059000e+03 2.041806e+03 2.041806e+03 2.059000e+03
2.034000e+03 2.041806e+03 2.041806e+03 2.034000e+03
2.023000e+03 2.041886e+03 2.041886e+03 2.023000e+03
2.057000e+03 2.048989e+03 2.048989e+03 2.057000e+03
2.089000e+03 2.065548e+03 2.065548e+03 2.089000e+03
2.088000e+03 2.076269e+03 2.076269e+03 2.088000e+03
2.101000e+03 2.079578e+03 2.079578e+03 2.101000e+03
2.056000e+03 2.079257e+03 2.079257e+03 2.056000e+03
2.092000e+03 2.077799e+03 2.077799e+03 2.092000e+03
2.086000e+03 2.076446e+03 2.076446e+03 2.086000e+03
2.071000e+03 2.075597e+03 2.075597e+03 2.071000e+03
2.063000e+03 2.075182e+03 2.075182e+03 2.063000e+03
2.063000e+03 2.075014e+03 2.075014e+03 2.063000e+03
2.060000e+03 2.074956e+03 2.074956e+03 2.060000e+03
2.059000e+03 2.074857e+03 2.074857e+03 2.059000e+03
2.076000e+03 2.067750e+03 2.067750e+03 2.076000e+03
2.065000e+03 2.051189e+03 2.051189e+03 2.065000e+03
2.072000e+03 2.040469e+03 2.040469e+03 2.072000e+03
2.083000e+03 2.037160e+03 2.037160e+03 2.083000e+03
2.078000e+03 2.037481e+03 2.037481e+03 2.078000e+03
2.051000e+03 2.038939e+03 2.038939e+03 2.051000e+03
2.035000e+03 2.040291e+03 2.040291e+03 2.035000e+03
2.049000e+03 2.041141e+03 2.041141e+03 2.049000e+03
2.023000e+03 2.041556e+03 2.041556e+03 2.023000e+03
2.045000e+03 2.041724e+03 2.041724e+03 2.045000e+03
2.008000e+03 2.041782e+03 2.041782e+03 2.008000e+03
2.014000e+03 2.041880e+03 2.041880e+03 2.014000e+03
2.067000e+03 2.048988e+03 2.048988e+03 2.067000e+03
2.054000e+03 2.065548e+03 2.065548e+03 2.054000e+03
2.067000e+03 2.076269e+03 2.076269e+03 2.067000e+03
2.087000e+03 2.079578e+03 2.079578e+03 2.087000e+03
2.067000e+03 2.079257e+03 2.079257e+03 2.067000e+03
2.092000e+03 2.077799e+03 2.077799e+03 2.092000e+03
2.072000e+03 2.076446e+03 2.076446e+03 2.072000e+03
2.078000e+03 2.075597e+03 2.075597e+03 2.078000e+03
2.068000e+03 2.075182e+03 2.075182e+03 2.068000e+03
2.098000e+03 2.075014e+03 2.075014e+03 2.098000e+03
2.058000e+03 2.074956e+03 2.074956e+03 2.058000e+03
2.083000e+03 2.074857e+03 2.074857e+03 2.083000e+03
2.065000e+03 2.067750e+03 2.067750e+03 2.065000e+03
2.091000e+03 2.051189e+03 2.051189e+03 2.091000e+03
2.029000e+03 2.040469e+03 2.040469e+03 2.029000e+03
2.053000e+03 2.037160e+03 2.037160e+03 2.053000e+03
2.041000e+03 2.037481e+03 2.037481e+03 2.041000e+03
2.033000e+03 2.038939e+03 2.038939e+03 2.033000e+03
2.055000e+03 2.040291e+03 2.040291e+03 2.055000e+03
2.033000e+03 2.041141e+03 2.041141e+03 2.033000e+03
2.068000e+03 2.041556e+03 2.041556e+03 2.068000e+03
2.053000e+03 2.041724e+03 2.041724e+03 2.053000e+03
2.039000e+03 2.041782e+03 2.041782e+03 2.039000e+03
2.054000e+03 2.041880e+03 2.041880e+03 2.054000e+03
2.074000e+03 2.048988e+03 2.048988e+03 2.074000e+03
2.116000e+03 2.065548e+03 2.065548e+03 2.116000e+03
2.079000e+03 2.076269e+03 2.076269e+03 2.079000e+03
2.075000e+03 2.079578e+03 2.079578e+03 2.075000e+03
2.084000e+03 2.079257e+03 2.079257e+03 2.084000e+03
2.101000e+03 2.077799e+03 2.077799e+03 2.101000e+03
2.100000e+03 2.076446e+03 2.076446e+03 2.100000e+03
2.080000e+03 2.075597e+03 2.075597e+03 2.080000e+03
2.078000e+03 2.075182e+03 2.075182e+03 2.078000e+03
2.087000e+03 2.075014e+03 2.075014e+03 2.087000e+03
2.078000e+03 2.074956e+03 2.074956e+03 2.078000e+03
2.101000e+03 2.074857e+03 2.074857e+03 2.101000e+03
2.045000e+03 2.067750e+03 2.067750e+03 2.045000e+03
2.052000e+03 2.051189e+03 2.051189e+03 2.052000e+03
2.023000e+03 2.040469e+03 2.040469e+03 2.023000e+03
2.041000e+03 2.037160e+03 2.037160e+03 2.041000e+03
2.008000e+03 2.037481e+03 2.037481e+03 2.008000e+03
2.060000e+03 2.038939e+03 2.038939e+03 2.060000e+03
2.045000e+03 2.040291e+03 2.040291e+03 2.045000e+03
2.023000e+03 2.041141e+03 2.041141e+03 2.023000e+03
2.036000e+03 2.041556e+03 2.041556e+03 2.036000e+03
2.055000e+03 2.041724e+03 2.041724e+03 2.055000e+03
2.039000e+03 2.041782e+03 2.041782e+03 2.039000e+03
1.977000e+03 2.041880e+03 2.041880e+03 1.977000e+03
2.019000e+03 2.048988e+03 2.048988e+03 2.019000e+03
2.049000e+03 2.065548e+03 2.065548e+03 2.049000e+03
2.060000e+03 2.076269e+03 2.076269e+03 2.060000e+03
2.097000e+03 2.079578e+03 2.079578e+03 2.097000e+03
2.076000e+03 2.079257e+03 2.079257e+03 2.076000e+03
2.068000e+03 2.077799e+03 2.077799e+03 2.068000e+03
2.068000e+03 2.076446e+03 2.076446e+03 2.068000e+03
2.096000e+03 2.075597e+03 2.075597e+03 2.096000e+03
2.076000e+03 2.075182e+03 2.075182e+03 2.076000e+03
2.056000e+03 2.075014e+03 2.075014e+03 2.056000e+03
2.072000e+03 2.074956e+03 2.074956e+03 2.072000e+03
2.080000e+03 2.074857e+03 2.074857e+03 2.080000e+03
2.078000e+03 2.067750e+03 2.067750e+03 2.078000e+03
2.038000e+03 2.051189e+03 2.051189e+03 2.038000e+03
2.049000e+03 2.040469e+03 2.040469e+03 2.049000e+03
2.053000e+03 2.037160e+03 2.037160e+03 2.053000e+03
2.061000e+03 2.037481e+03 2.037481e+03 2.061000e+03
2.059000e+03 2.038939e+03 2.038939e+03 2.059000e+03
2.015000e+03 2.040291e+03 2.040291e+03 2.015000e+03
2.066000e+03 2.041141e+03 2.041141e+03 2.066000e+03
2.030000e+03 2.041556e+03 2.041556e+03 2.030000e+03
2.017000e+03 2.041724e+03 2.041724e+03 2.017000e+03
2.011000e+03 2.041782e+03 2.041782e+03 2.011000e+03
2.046000e+03 2.041880e+03 2.041880e+03 2.046000e+03
2.044000e+03 2.048988e+03 2.048988e+03 2.044000e+03
2.090000e+03 2.065548e+03 2.065548e+03 2.090000e+03
2.084000e+03 2.076269e+03 2.076269e+03 2.084000e+03
2.082000e+03 2.079578e+03 2.079578e+03 2.082000e+03
2.112000e+03 2.079257e+03 2.079257e+03 2.112000e+03
2.088000e+03 2.077799e+03 2.077799e+03 2.088000e+03
2.067000e+03 2.076446e+03 2.076446e+03 2.067000e+03
2.062000e+03 2.075597e+03 2.075597e+03 2.062000e+03
2.052000e+03 2.075182e+03 2.075182e+03 2.052000e+03
2.081000e+03 2.075014e+03 2.075014e+03 2.081000e+03
2.070000e+03 2.074956e+03 2.074956e+03 2.070000e+03
2.071000e+03 2.074857e+03 2.074857e+03 2.071000e+03
2.087000e+03 2.067750e+03 2.067750e+03 2.087000e+03
2.036000e+03 2.051189e+03 2.051189e+03 2.036000e+03
2.016000e+03 2.040469e+03 2.040469e+03 2.016000e+03
2.021000e+03 2.037160e+03 2.037160e+03 2.021000e+03
2.054000e+03 2.037481e+03 2.037481e+03 2.054000e+03
2.042000e+03 2.038939e+03 2.038939e+03 2.042000e+03
2.058000e+03 2.040291e+03 2.040291e+03 2.058000e+03
1.988000e+03 2.041141e+03 2.041141e+03 1.988000e+03
2.036000e+03 2.041556e+03 2.041556e+03 2.036000e+03
2.059000e+03 2.041724e+03 2.041724e+03 2.059000e+03
2.036000e+03 2.041782e+03 2.041782e+03 2.036000e+03
2.029000e+03 2.041880e+03 2.041880e+03 2.029000e+03
2.047000e+03 2.048988e+03 2.048988e+03 2.047000e+03
2.084000e+03 2.065548e+03 2.065548e+03 2.084000e+03
2.080000e+03 2.076269e+03 2.076269e+03 2.080000e+03
2.079000e+03 2.079578e+03 2.079578e+03 2.079000e+03
2.088000e+03 2.079257e+03 2.079257e+03 2.088000e+03
2.066000e+03 2.077799e+03 2.077799e+03 2.066000e+03
2.055000e+03 2.076446e+03 2.076446e+03 2.055000e+03
2.084000e+03 2.075597e+03 2.075597e+03 2.084000e+03
2.092000e+03 2.075182e+03 2.075182e+03 2.092000e+03
2.086000e+03 2.075014e+03 2.075014e+03 2.086000e+03
2.047000e+03 2.074956e+03 2.074956e+03 2.047000e+03
2.052000e+03 2.074857e+03 2.074857e+03 2.052000e+03
2.066000e+03 2.067750e+03 2.067750e+03 2.066000e+03
2.017000e+03 2.051189e+03 2.051189e+03 2.017000e+03
2.030000e+03 2.040469e+03 2.040469e+03 2.030000e+03
2.005000e+03 2.037160e+03 2.037160e+03 2.005000e+03
2.027000e+03 2.037481e+03 2.037481e+03 2.027000e+03
2.027000e+03 2.038939e+03 2.038939e+03 2.027000e+03
2.045000e+03 2.040291e+03 2.040291e+03 2.045000e+03
2.005000e+03 2.041141e+03 2.041141e+03 2.005000e+03
2.044000e+03 2.041556e+03 2.041556e+03 2.044000e+03
2.047000e+03 2.041724e+03 2.041724e+03 2.047000e+03
2.051000e+03 2.041782e+03 2.041782e+03 2.051000e+03
2.013000e+03 2.041880e+03 2.041880e+03 2.013000e+03
2.066000e+03 2.048988e+03 2.048988e+03 2.066000e+03
2.077000e+03 2.065548e+03 2.065548e+03 2.077000e+03
2.077000e+03 2.076269e+03 2.076269e+03 2.077000e+03
2.054000e+03 2.079578e+03 2.079578e+03 2.054000e+03
2.068000e+03 2.079257e+03 2.079257e+03 2.068000e+03
2.071000e+03 2.077799e+03 2.077799e+03 2.071000e+03
2.068000e+03 2.076446e+03 2.076446e+03 2.068000e+03
2.076000e+03 2.075597e+03 2.075597e+03 2.076000e+03
2.084000e+03 2.075182e+03 2.075182e+03 2.084000e+03
2.091000e+03 2.075014e+03 2.075014e+03 2.091000e+03
2.056000e+03 2.074956e+03 2.074956e+03 2.056000e+03
2.060000e+03 2.074857e+03 2.074857e+03 2.060000e+03
2.015000e+03 2.067750e+03 2.067750e+03 2.015000e+03
2.024000e+03 2.051189e+03 2.051189e+03 2.024000e+03
2.019000e+03 2.040469e+03 2.040469e+03 2.019000e+03
2.028000e+03 2.037160e+03 2.037160e+03 2.028000e+03
2.034000e+03 2.037481e+03 2.037481e+03 2.034000e+03
2.061000e+03 2.038939e+03 2.038939e+03 2.061000e+03
2.008000e+03 2.040291e+03 2.040291e+03 2.008000e+03
2.040000e+03 2.041141e+03 2.041141e+03 2.040000e+03
1.990000e+03 2.041556e+03 2.041556e+03 1.990000e+03
2.018000e+03 2.041724e+03 2.041724e+03 2.018000e+03
2.014000e+03 2.041782e+03 2.041782e+03 2.014000e+03
2.005000e+03 2.041800e+03 2.041800e+03 2.005000e+03
