1.742393e+03 1.499123e+03 1.499123e+03 1.742393e+03
1.522437e+03 1.499123e+03 1.499123e+03 1.522437e+03
1.510428e+03 1.499123e+03 1.499123e+03 1.510428e+03
1.498323e+03 1.499123e+03 1.499123e+03 1.498323e+03
1.489218e+03 1.499166e+03 1.499166e+03 1.489218e+03
1.504404e+03 1.502920e+03 1.502920e+03 1.504404e+03
1.527551e+03 1.511674e+03 1.511674e+03 1.527551e+03
1.531092e+03 1.517341e+03 1.517341e+03 1.531092e+03
1.528020e+03 1.519090e+03 1.519090e+03 1.528020e+03
1.523191e+03 1.518920e+03 1.518920e+03 1.523191e+03
1.524922e+03 1.518150e+03 1.518150e+03 1.524922e+03
1.527794e+03 1.517435e+03 1.517435e+03 1.527794e+03
1.522110e+03 1.516985e+03 1.516985e+03 1.522110e+03
1.514359e+03 1.516766e+03 1.516766e+03 1.514359e+03
1.510349e+03 1.516677e+03 1.516677e+03 1.510349e+03
1.518355e+03 1.516647e+03 1.516647e+03 1.518355e+03
1.517046e+03 1.516595e+03 1.516595e+03 1.517046e+03
1.513876e+03 1.512838e+03 1.512838e+03 1.513876e+03
1.508165e+03 1.504083e+03 1.504083e+03 1.508165e+03
1.507222e+03 1.498416e+03 1.498416e+03 1.507222e+03
1.515535e+03 1.496667e+03 1.496667e+03 1.515535e+03
1.511915e+03 1.496837e+03 1.496837e+03 1.511915e+03
1.503251e+03 1.497607e+03 1.497607e+03 1.503251e+03
1.496109e+03 1.498323e+03 1.498323e+03 1.496109e+03
1.499044e+03 1.498772e+03 1.498772e+03 1.499044e+03
1.499367e+03 1.498991e+03 1.498991e+03 1.499367e+03
1.494375e+03 1.499080e+03 1.499080e+03 1.494375e+03
1.492338e+03 1.499111e+03 1.499111e+03 1.492338e+03
1.494852e+03 1.499162e+03 1.499162e+03 1.494852e+03
1.499224e+03 1.502920e+03 1.502920e+03 1.499224e+03
1.514186e+03 1.511674e+03 1.511674e+03 1.514186e+03
1.518044e+03 1.517341e+03 1.517341e+03 1.518044e+03
1.517775e+03 1.519090e+03 1.519090e+03 1.517775e+03
1.520633e+03 1.518920e+03 1.518920e+03 1.520633e+03
1.526799e+03 1.518150e+03 1.518150e+03 1.526799e+03
1.527519e+03 1.517435e+03 1.517435e+03 1.527519e+03
1.520437e+03 1.516985e+03 1.516985e+03 1.520437e+03
1.524361e+03 1.516766e+03 1.516766e+03 1.524361e+03
1.521515e+03 1.516677e+03 1.516677e+03 1.521515e+03
1.524354e+03 1.516647e+03 1.516647e+03 1.524354e+03
1.524849e+03 1.516595e+03 1.516595e+03 1.524849e+03
1.519457e+03 1.512838e+03 1.512838e+03 1.519457e+03
1.513309e+03 1.504083e+03 1.504083e+03 1.513309e+03
1.506390e+03 1.498416e+03 1.498416e+03 1.506390e+03
1.504624e+03 1.496667e+03 1.496667e+03 1.504624e+03
1.498786e+03 1.496837e+03 1.496837e+03 1.498786e+03
1.498615e+03 1.497607e+03 1.497607e+03 1.498615e+03
1.501921e+03 1.498323e+03 1.498323e+03 1.501921e+03
1.494869e+03 1.498772e+03 1.498772e+03 1.494869e+03
1.501251e+03 1.498991e+03 1.498991e+03 1.501251e+03
1.495998e+03 1.499080e+03 1.499080e+03 1.495998e+03
1.490406e+03 1.499111e+03 1.499111e+03 1.490406e+03
1.493314e+03 1.499162e+03 1.499162e+03 1.493314e+03
1.501298e+03 1.502920e+03 1.502920e+03 1.501298e+03
1.520868e+03 1.511674e+03 1.511674e+03 1.520868e+03
1.522227e+03 1.517341e+03 1.517341e+03 1.522227e+03
1.521406e+03 1.519090e+03 1.519090e+03 1.521406e+03
1.521232e+03 1.518920e+03 1.518920e+03 1.521232e+03
1.528148e+03 1.518150e+03 1.518150e+03 1.528148e+03
1.527398e+03 1.517435e+03 1.517435e+03 1.527398e+03
1.522153e+03 1.516985e+03 1.516985e+03 1.522153e+03
1.522248e+03 1.516766e+03 1.516766e+03 1.522248e+03
1.522878e+03 1.516677e+03 1.516677e+03 1.522878e+03
1.531618e+03 1.516647e+03 1.516647e+03 1.531618e+03
1.525605e+03 1.516595e+03 1.516595e+03 1.525605e+03
1.510376e+03 1.512838e+03 1.512838e+03 1.510376e+03
1.496882e+03 1.504083e+03 1.504083e+03 1.496882e+03
1.498427e+03 1.498416e+03 1.498416e+03 1.498427e+03
1.505831e+03 1.496667e+03 1.496667e+03 1.505831e+03
1.497646e+03 1.496837e+03 1.496837e+03 1.497646e+03
1.498703e+03 1.497607e+03 1.497607e+03 1.498703e+03
1.503295e+03 1.498323e+03 1.498323e+03 1.503295e+03
1.508131e+03 1.498772e+03 1.498772e+03 1.508131e+03
1.502793e+03 1.498991e+03 1.498991e+03 1.502793e+03
1.512247e+03 1.499080e+03 1.499080e+03 1.512247e+03
1.506111e+03 1.499111e+03 1.499111e+03 1.506111e+03
1.486846e+03 1.499162e+03 1.499162e+03 1.486846e+03
1.489195e+03 1.502920e+03 1.502920e+03 1.489195e+03
1.495725e+03 1.511674e+03 1.511674e+03 1.495725e+03
1.511237e+03 1.517341e+03 1.517341e+03 1.511237e+03
1.522332e+03 1.519090e+03 1.519090e+03 1.522332e+03
1.529357e+03 1.518920e+03 1.518920e+03 1.529357e+03
1.529047e+03 1.518150e+03 1.518150e+03 1.529047e+03
1.526816e+03 1.517435e+03 1.517435e+03 1.526816e+03
1.525681e+03 1.516985e+03 1.516985e+03 1.525681e+03
1.524217e+03 1.516766e+03 1.516766e+03 1.524217e+03
1.519426e+03 1.516677e+03 1.516677e+03 1.519426e+03
1.521010e+03 1.516647e+03 1.516647e+03 1.521010e+03
1.531241e+03 1.516595e+03 1.516595e+03 1.531241e+03
1.525048e+03 1.512838e+03 1.512838e+03 1.525048e+03
1.517725e+03 1.504083e+03 1.504083e+03 1.517725e+03
1.511506e+03 1.498416e+03 1.498416e+03 1.511506e+03
1.512205e+03 1.496667e+03 1.496667e+03 1.512205e+03
1.511907e+03 1.496837e+03 1.496837e+03 1.511907e+03
1.507594e+03 1.497607e+03 1.497607e+03 1.507594e+03
1.502639e+03 1.498323e+03 1.498323e+03 1.502639e+03
1.510929e+03 1.498772e+03 1.498772e+03 1.510929e+03
1.502948e+03 1.498991e+03 1.498991e+03 1.502948e+03
1.495918e+03 1.499080e+03 1.499080e+03 1.495918e+03
1.492261e+03 1.499111e+03 1.499111e+03 1.492261e+03
1.505430e+03 1.499162e+03 1.499162e+03 1.505430e+03
1.509079e+03 1.502920e+03 1.502920e+03 1.509079e+03
1.518060e+03 1.511674e+03 1.511674e+03 1.518060e+03
1.522113e+03 1.517341e+03 1.517341e+03 1.522113e+03
1.527151e+03 1.519090e+03 1.519090e+03 1.527151e+03
1.524260e+03 1.518920e+03 1.518920e+03 1.524260e+03
1.523458e+03 1.518150e+03 1.518150e+03 1.523458e+03
1.520044e+03 1.517435e+03 1.517435e+03 1.520044e+03
1.511870e+03 1.516985e+03 1.516985e+03 1.511870e+03
1.515566e+03 1.516766e+03 1.516766e+03 1.515566e+03
1.517253e+03 1.516677e+03 1.516677e+03 1.517253e+03
1.514005e+03 1.516647e+03 1.516647e+03 1.514005e+03
1.514034e+03 1.516595e+03 1.516595e+03 1.514034e+03
1.510141e+03 1.512838e+03 1.512838e+03 1.510141e+03
1.502508e+03 1.504083e+03 1.504083e+03 1.502508e+03
1.492420e+03 1.498416e+03 1.498416e+03 1.492420e+03
1.492107e+03 1.496667e+03 1.496667e+03 1.492107e+03
1.491251e+03 1.496837e+03 1.496837e+03 1.491251e+03
1.497764e+03 1.497607e+03 1.497607e+03 1.497764e+03
1.488847e+03 1.498323e+03 1.498323e+03 1.488847e+03
1.481599e+03 1.498772e+03 1.498772e+03 1.481599e+03
1.486700e+03 1.498991e+03 1.498991e+03 1.486700e+03
1.497636e+03 1.499080e+03 1.499080e+03 1.497636e+03
1.506196e+03 1.499111e+03 1.499111e+03 1.506196e+03
1.494472e+03 1.499162e+03 1.499162e+03 1.494472e+03
1.497395e+03 1.502920e+03 1.502920e+03 1.497395e+03
1.503690e+03 1.511674e+03 1.511674e+03 1.503690e+03
1.510545e+03 1.517341e+03 1.517341e+03 1.510545e+03
1.513771e+03 1.519090e+03 1.519090e+03 1.513771e+03
1.512036e+03 1.518920e+03 1.518920e+03 1.512036e+03
1.513436e+03 1.518150e+03 1.518150e+03 1.513436e+03
1.508238e+03 1.517435e+03 1.517435e+03 1.508238e+03
1.511171e+03 1.516985e+03 1.516985e+03 1.511171e+03
1.516651e+03 1.516766e+03 1.516766e+03 1.516651e+03
1.514754e+03 1.516677e+03 1.516677e+03 1.514754e+03
1.513758e+03 1.516647e+03 1.516647e+03 1.513758e+03
1.506195e+03 1.516595e+03 1.516595e+03 1.506195e+03
1.496109e+03 1.512838e+03 1.512838e+03 1.496109e+03
1.492813e+03 1.504083e+03 1.504083e+03 1.492813e+03
1.493834e+03 1.498416e+03 1.498416e+03 1.493834e+03
1.488831e+03 1.496667e+03 1.496667e+03 1.488831e+03
1.481606e+03 1.496837e+03 1.496837e+03 1.481606e+03
1.481917e+03 1.497607e+03 1.497607e+03 1.481917e+03
1.489907e+03 1.498323e+03 1.498323e+03 1.489907e+03
1.484059e+03 1.498772e+03 1.498772e+03 1.484059e+03
1.482338e+03 1.498991e+03 1.498991e+03 1.482338e+03
1.481445e+03 1.499080e+03 1.499080e+03 1.481445e+03
1.480029e+03 1.499111e+03 1.499111e+03 1.480029e+03
1.481411e+03 1.499162e+03 1.499162e+03 1.481411e+03
1.484293e+03 1.502920e+03 1.502920e+03 1.484293e+03
1.496248e+03 1.511674e+03 1.511674e+03 1.496248e+03
1.500412e+03 1.517341e+03 1.517341e+03 1.500412e+03
1.498478e+03 1.519090e+03 1.519090e+03 1.498478e+03
1.503469e+03 1.518920e+03 1.518920e+03 1.503469e+03
1.505390e+03 1.518150e+03 1.518150e+03 1.505390e+03
1.505507e+03 1.517435e+03 1.517435e+03 1.505507e+03
1.501924e+03 1.516985e+03 1.516985e+03 1.501924e+03
1.506785e+03 1.516766e+03 1.516766e+03 1.506785e+03
1.498445e+03 1.516677e+03 1.516677e+03 1.498445e+03
1.495283e+03 1.516647e+03 1.516647e+03 1.495283e+03
1.498012e+03 1.516595e+03 1.516595e+03 1.498012e+03
1.492933e+03 1.512838e+03 1.512838e+03 1.492933e+03
1.485990e+03 1.504083e+03 1.504083e+03 1.485990e+03
1.478911e+03 1.498416e+03 1.498416e+03 1.478911e+03
1.483273e+03 1.496667e+03 1.496667e+03 1.483273e+03
1.487908e+03 1.496837e+03 1.496837e+03 1.487908e+03
1.486916e+03 1.497607e+03 1.497607e+03 1.486916e+03
1.479374e+03 1.498323e+03 1.498323e+03 1.479374e+03
1.475406e+03 1.498772e+03 1.498772e+03 1.475406e+03
1.477797e+03 1.498991e+03 1.498991e+03 1.477797e+03
1.483369e+03 1.499080e+03 1.499080e+03 1.483369e+03
1.481884e+03 1.499111e+03 1.499111e+03 1.481884e+03
1.474295e+03 1.499120e+03 1.499120e+03 1.474295e+03
